1.3e-05
1.5e-05
1.6e-05
1.7e-05
2.3e-05
1e-05
1e-05
9e-06
1e-05
1.9e-05
2e-05
1.6e-05
1.3e-05
1.9e-05
1.7e-05
2.1e-05
2.1e-05
1.8e-05
1.4e-05
2.3e-05
2.3e-05
2.5e-05
2.3e-05
2.8e-05
3.1e-05
2.6e-05
2.6e-05
2.2e-05
2e-05
4.2e-05
0.000778
0.000361
3.9e-05
2.3e-05
2.4e-05
1.7e-05
1.4e-05
5.2e-05
2.3e-05
3.7e-05
2.5e-05
0.001098
0.000872
0.001177
7.7e-05
2e-05
1.7e-05
2.4e-05
0.000104
0.000115
0.000955
4.4e-05
2.6e-05
0.003056
0.000566
0.004707
6.6e-05
1.9e-05
2e-05
2.7e-05
0.004754
0.000438
1.7e-05
2.1e-05
2.5e-05
2.4e-05
2.4e-05
2.8e-05
5.4e-05
0.002144
