5e-06
4e-06
1e-05
7e-06
8e-06
8e-06
7e-06
1.1e-05
1e-05
1.6e-05
1.8e-05
4.6e-05
3.1e-05
4.6e-05
6.5e-05
9.5e-05
0.000148
0.000264
0.000531
0.000658
0.000752
0.001159
0.001707
0.002508
0.00316
0.00446
0.008408
0.01365
0.015465
0.027801
0.055748
0.071881
0.099494
0.102642
0.18315
0.297578
1.65682
0.688734
1.47382
1.21382
2.2001
2.74537
4.25451
7.44413
6.94782
5.30638
5.02588
0.077511
6.39217
18.7024
17.3531
4.2538
6.9364
5.24078
5.72985
15.8799
5.53205
7.35917
3.36441
7.33674
3.24484
3.44564
4.35924
1.80863
2.7242
4.08001
6.42813
6.82143
3.2e-05
0.857908
